	S100.8123_S2	S101.8118_S3	S102.8145_S4	S103.8150_S5	S104.8162_S6	S105.8151_S7	S106.8079_S8	S107.8192_S9	S108.8103_S10	S109.8446_S11	S110.8096_S12	S111.8449_S13	S112.8459_S14	S113.8451_S15	S114.8452_S16	S115.8234_S17	S116.8209_S18	S117.8026_S19	S118.8490_S20	S119.8130_S21	S120.8477_S22	S121.8264_S23	S122.8134_S24	S123.8176_S25	S124.8224_S26	S125.8210_S27	S126.8135_S28	S127.8112_S29	S128.8202_S30	S129.8204_S31	S130.8507_S32	S131.8274_S33	S132.8297_S34	S133.8222_S35	S134.8546_S36	S135.8381_S37	S136.8391_S38	S137.8574_S39	S138.8047_S40	S139.8583_S41	S140.8013_S42	S141.8080_S43	S142.8621_S44	S143.8071_S45	S144.8417_S46	S145.8371_S47	S146.8430_S48	S147.8369_S49	S148.8242_S50	S149.8312_S51
S100.8123_S2	0.0	82.97230965832523	71.18213141147211	85.82314564746927	91.52861340912504	91.74169166475377	67.24601844117693	78.27033175962475	72.33186123477898	90.79295805110097	83.92618707136633	83.03024857790892	80.3559041271749	89.98992456450762	77.63689966882318	80.55425233686928	96.37288807427653	80.41429860571051	75.9219483460824	66.44211540486201	85.77561857942564	75.09694922654543	68.50914095165615	80.93595679469668	87.55986924990526	69.94688324778197	88.21706400562518	85.69122257991592	89.15275116385031	71.27270640977189	71.44575985424204	81.17319178492619	84.03133494468554	76.23622667708833	80.21219204070691	73.19886604841824	78.5942968077715	107.06115231324918	70.58666232292154	111.96868118039002	88.09592010374719	84.46745116471519	92.02816798088956	83.61320785346959	81.4036731815335	80.58411744620871	77.15795839619548	110.9847414283503	75.14581675825403	91.16872587369087
S101.8118_S3	82.97230965832523	0.0	76.24032497164104	88.91821773219499	96.13896287311964	96.61624992520755	72.62314555445539	82.5460864178303	77.85655177267375	93.93501960645705	88.61844179829926	87.26897980599604	86.04443833593713	93.00603727447061	82.17863905178544	84.63060508474497	100.6208206896816	84.71150949778955	80.90426775862068	71.38090317924996	89.46830265326106	79.91416410092391	73.6146696330864	86.53602807343975	92.58630925495797	75.22805782668422	91.44629439889376	89.60888916310542	93.6783731328682	76.75068450819523	76.17135598815874	85.03253477234641	86.3885497200092	81.70175260255002	84.9952497281527	77.63673260698678	82.89300571271806	109.54931249437738	75.73014846646552	114.73865505490473	92.59469399349862	89.31586068273019	96.07569073505276	86.45990551079556	86.15859740117484	84.24582838399729	80.83433032058271	113.49788514168326	80.98892761291708	94.2130021023521
S102.8145_S4	71.18213141147211	76.24032497164104	0.0	79.59212159682994	86.36722866670624	86.2551376971822	58.57230250185094	70.60185059393157	65.58424904367858	85.85665834177726	77.38401698869477	76.72995891581238	74.82141756039866	83.02990137169887	70.49510167738632	74.49836897793678	91.94871840290956	73.69789434540228	68.60668072787949	57.50561459727252	79.1820366486083	68.0471919622928	59.72956381330471	75.05872702197544	82.46994729953737	62.493182814988025	82.02254337710451	79.171812632521	83.66952200903746	63.38907308831831	62.99290277490112	73.36260396914363	76.94625442703337	69.63970457976241	72.95414464530879	65.87082385044116	72.64263320608356	101.88049759471043	62.29163735820212	106.6937966360199	82.62141744830198	78.85421690832408	87.41701916051798	76.37868725102253	74.39587025503631	74.06253888249074	70.6682128330001	105.48769465393235	68.23901388934003	84.44920015048898
S103.8150_S5	85.82314564746927	88.91821773219499	79.59212159682994	0.0	98.45242834537247	98.66358612954089	75.47804780489884	85.71250630543794	80.9462994253437	97.12725923094182	91.32566081234954	90.38533573333915	88.91973372542719	94.6965334353145	84.37648165017457	88.20485673597287	103.2058995944002	87.44681690472952	82.96247075146725	74.10264459272287	91.17747808175949	82.85422454811568	76.26362609276146	89.00606584325979	95.18647536621752	78.61781043934411	93.70929749188905	92.61712971484924	96.18517322400542	79.47674631833596	79.23929811116182	87.15177566610818	89.21464095449909	84.37324065926438	87.825031630262	81.24926986369306	86.08750962027568	112.66459196037663	78.73395698537323	116.05494619337132	94.3218350465972	91.2453197602492	99.30886190093567	88.65090787502459	88.95914164751613	87.70544570802414	84.59921506161449	114.706017238858	83.45219711379531	96.39355216208988
S104.8162_S6	91.52861340912504	96.13896287311964	86.36722866670624	98.45242834537247	0.0	104.08908824706803	82.76029111684049	91.62571230502918	87.32427289606454	103.09643517845288	96.21514998251297	96.60427066917497	94.95344279975703	102.10313518856917	91.48686898904946	94.42224161886656	108.51680168114295	94.19165767414245	90.3152855458777	82.2235777550061	98.24149904840446	89.53079576517618	83.87562061617122	94.51427761178071	100.70908286832783	85.44584124142773	100.60821391286787	97.71309851007265	101.92255836891465	86.54174429231277	86.35669146762584	94.60268961342211	96.82572331555545	90.50050726188974	93.6049121111083	88.0433250103166	92.5717417603894	118.11605020943564	85.42303408625965	121.91771509584385	100.11324090122042	97.68614092864021	103.81427039441093	96.45290052227078	95.27955258603386	94.06608753169361	91.7006181973483	120.84591429131198	89.43894179038723	103.39981056619922
S105.8151_S7	91.74169166475377	96.61624992520755	86.2551376971822	98.66358612954089	104.08908824706803	0.0	82.86968559076841	91.39272720640366	87.90771460697123	103.70442875022184	96.90190658303818	96.67049686994164	93.80840096930989	102.1240984874749	91.81152103246949	94.88254744427606	108.17403511494811	93.75532045715744	90.21412486852965	82.20186589487193	98.53819601195687	90.10571556515991	83.79172931023001	94.74056765271877	100.36897949147402	85.56133246929853	101.22133412102004	98.04628884815794	101.76995702284383	85.95171247284033	86.25135964887399	94.64356912937671	97.11534252777192	90.77265914592562	93.73237059435864	88.11461247430515	92.87509054917572	117.70595779877202	85.74870111122588	121.84771890362792	101.28639589430509	96.8657980679554	104.8417773097932	96.71450862548174	94.95047711278082	94.87684080182781	91.63208673201399	121.24347176284175	89.3789694309088	103.54454061314323
S106.8079_S8	67.24601844117693	72.62314555445539	58.57230250185094	75.47804780489884	82.76029111684049	82.86968559076841	0.0	65.52791743560125	60.883450578741176	82.04636257250523	73.5824098773617	72.8551563833162	70.48677287284906	79.30632016389535	66.15618598294634	70.60061022753582	88.6979785557486	69.29585459277673	63.64038342813043	51.462209946374436	75.21278157810539	63.266470830511935	54.11916193897399	71.23634373839106	78.68156168469699	57.12967750914038	78.18185311547636	75.28753135355858	80.35015311182057	57.71248140866378	57.93835078371397	69.94834766919578	72.83213011041335	64.84617481563102	68.61754015514134	61.35966879708502	68.03350083215788	99.3595967432633	57.1284028321455	103.63486051479309	78.80102697984758	75.25085579954704	83.38093460928059	72.89494064030076	70.777837408328	70.23203462393644	66.08826103788394	102.96557260290298	63.325841843596194	81.3355450060052
S107.8192_S9	78.27033175962475	82.5460864178303	70.60185059393157	85.71250630543794	91.62571230502918	91.39272720640366	65.52791743560125	0.0	72.2595690716235	91.42317872308311	83.60940338643965	83.11353870697491	81.08891352343676	89.21135998498151	77.24267607790507	81.07306092097247	97.2939649694537	80.0713127593944	75.63276878027175	65.4602554549957	85.30423211413537	75.05730401637565	67.0646183549029	81.44511299382475	88.18957405675285	69.62753420405589	88.11313781768956	85.31013129835841	89.71605742948354	70.88334536062777	70.35812569789653	80.5393697350987	83.30490105031589	75.98544942284023	79.03041648260034	73.18036855888873	78.97950569485468	106.39516631492363	69.79505180600994	111.28541065462616	88.3173273424511	84.9187143009611	92.87765621413028	83.42127317686736	81.28795859218434	80.83962047947776	77.30051348869868	110.57606064715803	74.2585501969863	90.77307162880729
S108.8103_S10	72.33186123477898	77.85655177267375	65.58424904367858	80.9462994253437	87.32427289606454	87.90771460697123	60.883450578741176	72.2595690716235	0.0	86.50945322254985	79.33458836773924	78.25978905271911	76.07668559244826	85.04218110103594	72.23430266394635	75.5872400842246	93.54565466689351	75.08566249300833	70.737367199356	59.69390820317788	80.97856264895229	69.55077000003992	62.23032696320232	76.88618866113308	83.25874161618067	64.07816666989376	83.30142540901667	81.21577045460847	85.32347973626351	65.55652137360613	65.43483452895644	76.3119041382832	78.28857485910852	70.20927573281602	75.21415916677101	67.2505727375164	73.28956236725664	103.88830375720084	64.43307018826341	108.17478779402583	84.19404383267506	80.52846186301221	88.42766985168196	77.68964853776474	76.74534942427994	75.80919905510618	71.76924497242307	107.29135988142225	69.42016570521874	85.96670709588228
S109.8446_S11	90.79295805110097	93.93501960645705	85.85665834177726	97.12725923094182	103.09643517845288	103.70442875022184	82.04636257250523	91.42317872308311	86.50945322254985	0.0	96.31263690781553	95.90592625853574	93.86727644473622	101.0834046072275	90.14868171314785	92.99479247742734	108.22906698351849	92.10177493965605	88.89982129195612	80.89845368259559	97.28497976151327	88.5988640840253	83.25053326910728	94.39473762848604	99.58117377461335	84.49348038911027	99.60120646534746	97.6862285572318	100.44743562707393	85.83587569021725	85.72177331416846	93.64808135211108	95.4139856401233	90.03285755835533	93.49071185809044	86.37805200012966	91.1940408016585	116.67744544365073	84.92933986961411	121.35651723540353	99.73441681544004	97.04428499787356	102.67226141148429	93.6599166241543	93.21265291879257	92.49793636910377	89.79359865692152	120.0724718820449	89.12883973530847	101.51018378702109
S110.8096_S12	83.92618707136633	88.61844179829926	77.38401698869477	91.32566081234954	96.21514998251297	96.90190658303818	73.5824098773617	83.60940338643965	79.33458836773924	96.31263690781553	0.0	88.48896227035812	86.81442466947827	95.0778605363785	83.7565873759523	87.09738119003529	101.2240675876348	86.30503660639177	81.87007712888428	72.9464294715226	90.58380231973294	81.61298639317714	75.05423593934665	87.07275085436149	92.10681305928557	76.7978315220248	93.54630200832715	90.43383185798879	94.49753486452188	78.12509243869711	77.84884442369474	86.96374348269066	89.38030288732142	82.0941095535205	85.75564504164873	80.04596534501435	84.85565804335779	111.78914516143072	76.91938843662862	116.03973443740001	93.33761609087482	90.3730014014849	97.7678457323401	89.58156558345826	87.53826027980284	86.7241802461062	83.351793105474	114.56459618751785	81.79344767761029	96.23657452651123
S111.8449_S13	83.03024857790892	87.26897980599604	76.72995891581238	90.38533573333915	96.60427066917497	96.67049686994164	72.8551563833162	83.11353870697491	78.25978905271911	95.90592625853574	88.48896227035812	0.0	86.34009532697253	93.3388473157228	82.72507234258705	85.87739408936082	101.27145829387948	85.00444397530892	81.39400073671474	72.06783887456686	89.76060278485143	80.54119048666388	73.94315308404454	86.91289322929576	92.4847959332673	75.63194566525983	92.74108492582941	90.21722788519205	93.80018568421924	77.05890320718528	76.89750753217609	85.85740758846951	87.81275544951042	82.3392756408608	85.15669556680096	78.76190818692203	83.52368248908856	111.11512557741709	75.99418244856844	114.96507682351191	93.12679650835031	90.11496269121334	97.33544787892416	88.19496782713256	87.05424507073711	85.03810961922129	81.51580474875145	114.05594304320283	81.12771457294181	94.9481326265294
S112.8459_S14	80.3559041271749	86.04443833593713	74.82141756039866	88.91973372542719	94.95344279975703	93.80840096930989	70.48677287284906	81.08891352343676	76.07668559244826	93.86727644473622	86.81442466947827	86.34009532697253	0.0	92.46949756085317	80.85336342708567	84.38167074408886	99.67368806024781	82.85190822546934	79.22254426137661	69.67531440852497	88.10991267450221	77.98548649842894	71.99862023353737	84.9159107687482	90.57401932991841	73.94012554662812	90.9139934805436	88.89402639649053	91.83618354355525	74.27332188685776	74.65261403732724	84.11791205050736	86.66335934379799	79.84396315900878	83.03113427705539	76.00129902202157	81.48982036297299	109.56632549300417	74.17535799938648	113.73334897359744	91.47131516106293	87.86160277446099	95.50686625376596	85.87469548583246	84.51953705879147	84.1526722482657	80.35460651536856	112.71449221435795	78.33219412384646	93.65345891089285
S113.8451_S15	89.98992456450762	93.00603727447061	83.02990137169887	94.6965334353145	102.10313518856917	102.1240984874749	79.30632016389535	89.21135998498151	85.04218110103594	101.0834046072275	95.0778605363785	93.3388473157228	92.46949756085317	0.0	88.59739463119143	92.01367236007873	106.87864956222222	91.29485290952302	87.25401908845353	78.01057188179378	95.48851963575764	86.7727135849374	79.32786160571264	92.79136954417065	98.5682131867736	82.35445731708317	96.80642841367103	95.94285703796385	99.90729266668036	83.26168604166327	82.71260387873602	88.64514828121476	92.23888922976775	88.33517637336041	90.95704742254463	84.92594583243404	90.40076638431086	115.24612304871684	81.98329829013808	115.47939475985942	98.21951983807395	95.81636000968896	102.68808341015124	92.74565629294827	92.7228269243053	91.63880494828244	87.94121660137928	117.81240017720039	87.38255252494574	96.12415261287751
S114.8452_S16	77.63689966882318	82.17863905178544	70.49510167738632	84.37648165017457	91.48686898904946	91.81152103246949	66.15618598294634	77.24267607790507	72.23430266394635	90.14868171314785	83.7565873759523	82.72507234258705	80.85336342708567	88.59739463119143	0.0	80.14032956521888	96.61199405509309	79.43670164005458	75.13670100446306	64.79577154866631	84.29755823204158	74.31640136001066	67.45979272040998	80.44093778616052	87.59583498209375	69.33814162288674	87.44273322037321	84.60455419780304	88.52917932699992	70.85842472450307	70.20845998754227	80.25100975579275	81.44238966395213	76.10448010345996	78.97453063942977	72.51729177397678	78.71344263460766	105.45476848084863	69.55267398202159	110.60415147047517	86.73965327668681	83.86448819841723	91.12458189974252	82.11720563337329	81.11933793477914	79.61548184336601	76.27467398655492	109.27075567773872	75.11277507120072	90.03054211950743
S115.8234_S17	80.55425233686928	84.63060508474497	74.49836897793678	88.20485673597287	94.42224161886656	94.88254744427606	70.60061022753582	81.07306092097247	75.5872400842246	92.99479247742734	87.09738119003529	85.87739408936082	84.38167074408886	92.01367236007873	80.14032956521888	0.0	99.66638332599291	82.88179402701158	78.92128802603743	69.04747722467813	88.23325553110735	78.01949503697843	71.72972554193167	84.10865114258185	90.80983274040373	72.83655107041967	90.03772360857224	88.55758037916459	92.1391517920816	74.71299565769581	74.37128148268019	83.76418770221203	85.90104200131508	79.34479099683956	83.31196868673553	75.70067242969921	80.82207094386112	109.43973420487116	73.33734739238665	113.7765620991456	91.25500808828066	87.49804638345107	94.92649301133251	85.40595494365232	84.24532744138705	83.23845828271068	79.62617021502004	112.64055388172505	78.90886796694978	93.06511843034487
S116.8209_S18	96.37288807427653	100.6208206896816	91.94871840290956	103.2058995944002	108.51680168114295	108.17403511494811	88.6979785557486	97.2939649694537	93.54565466689351	108.22906698351849	101.2240675876348	101.27145829387948	99.67368806024781	106.87864956222222	96.61199405509309	99.66638332599291	0.0	98.81124069529501	95.76140172837795	87.881713789134	102.05717538367688	95.08168177646375	89.5029980519389	99.27961902289171	104.20694880274675	91.271617929415	105.2966484471595	101.68425678370211	105.04013134603824	91.78861366814083	91.51348725058175	99.66619831277373	101.95252406073233	96.19472536999214	98.46719135391598	93.22532415825918	97.63630094381901	121.87870279142831	91.22513078897937	125.83674836504939	105.81171339642613	101.69248895145327	108.47182803327155	101.3497702376949	99.68071787652586	99.64774822754408	95.79568398068211	124.76402541544199	95.08920031196429	108.13808762317531
S117.8026_S19	80.41429860571051	84.71150949778955	73.69789434540228	87.44681690472952	94.19165767414245	93.75532045715744	69.29585459277673	80.0713127593944	75.08566249300833	92.10177493965605	86.30503660639177	85.00444397530892	82.85190822546934	91.29485290952302	79.43670164005458	82.88179402701158	98.81124069529501	0.0	77.89131707075963	67.78731131858552	86.72523133600433	77.6424587273447	70.63175971705391	83.81691296024445	89.98099666967273	72.34032441029919	90.01132507002168	87.3933286207477	91.34834398913505	73.40720400350895	72.948585382394	82.83716773483515	85.23875066213722	77.76069462068754	82.40719152308169	75.6817711023582	79.98835031446323	108.74298066993505	72.60927559904373	113.15213724750463	90.44351283849734	86.79900484374974	93.81167674006967	84.84858191770368	82.98299270202838	82.28759767184377	78.74666685614709	112.21365691698524	77.41368769473962	92.67397995331248
S118.8490_S20	75.9219483460824	80.90426775862068	68.60668072787949	82.96247075146725	90.3152855458777	90.21412486852965	63.64038342813043	75.63276878027175	70.737367199356	88.89982129195612	81.87007712888428	81.39400073671474	79.22254426137661	87.25401908845353	75.13670100446306	78.92128802603743	95.76140172837795	77.89131707075963	0.0	62.62403670908458	83.04299902415094	72.84169491612599	65.20321391350072	79.66813281938374	86.59421846646602	67.43621749308593	86.0725121709312	83.640119297208	87.94833541042792	67.85049826283095	68.21569851686105	78.30180905533781	81.09248490488419	74.24901099760406	77.76304720978787	70.72969822687435	76.87570964914734	105.67928890563807	67.38057499834152	109.89456993051701	86.63442351726397	83.32086910588565	91.10317783418809	80.24680419941697	79.44529684851688	78.30225181902004	74.2675045938217	109.11945028781669	73.22641050799687	88.50678778116912
S119.8130_S21	66.44211540486201	71.38090317924996	57.50561459727252	74.10264459272287	82.2235777550061	82.20186589487193	51.462209946374436	65.4602554549957	59.69390820317788	80.89845368259559	72.9464294715226	72.06783887456686	69.67531440852497	78.01057188179378	64.79577154866631	69.04747722467813	87.881713789134	67.78731131858552	62.62403670908458	0.0	74.00032593628177	62.27510649364224	52.86562173853064	70.2316212963742	77.85347806101169	55.731615272898566	77.10537604012902	74.39741114210636	79.37908405725588	57.552925783656654	56.73762474135684	68.52405438579017	70.73761886211004	64.0209224868474	68.0990316236228	59.732828518122865	67.23902664213742	98.8601853758169	55.69429148407842	102.8627079708073	78.34308035186756	74.25648530035085	83.09818665874423	71.29274684772166	70.0039843298908	69.15084445788668	64.11575393220542	102.24614721180805	62.93815169848113	79.79639649263217
S120.8477_S22	85.77561857942564	89.46830265326106	79.1820366486083	91.17747808175949	98.24149904840446	98.53819601195687	75.21278157810539	85.30423211413537	80.97856264895229	97.28497976151327	90.58380231973294	89.76060278485143	88.10991267450221	95.48851963575764	84.29755823204158	88.23325553110735	102.05717538367688	86.72523133600433	83.04299902415094	74.00032593628177	0.0	82.5228712496673	76.23716841868489	88.40713815792651	94.1963063567253	78.22364535232386	93.67168981316657	90.53659352101741	94.52900542376055	79.17133676023509	78.45298325201905	87.35668817713251	90.01776283619691	84.3477679473477	87.35130984723912	80.8655725985428	86.355064460444	112.88418636735548	78.06195473636348	116.01000402224386	93.51860983225512	90.65732611068165	98.60969876060146	89.72066986161737	88.51511662658143	87.16239412119877	84.30985490039852	114.034747554102	83.40792883755455	96.90608389161208
S121.8264_S23	75.09694922654543	79.91416410092391	68.0471919622928	82.85422454811568	89.53079576517618	90.10571556515991	63.266470830511935	75.05730401637565	69.55077000003992	88.5988640840253	81.61298639317714	80.54119048666388	77.98548649842894	86.7727135849374	74.31640136001066	78.01949503697843	95.08168177646375	77.6424587273447	72.84169491612599	62.27510649364224	82.5228712496673	0.0	64.78280016004794	78.98291735490291	85.95393494783414	66.73909367962605	85.13837695288001	83.03912906694868	87.12192923568368	67.99429873204711	67.86655840979603	77.64113274546612	80.2251003528401	73.18644534924603	77.160541652059	69.72382911975717	75.76160231010813	105.30048915034416	67.15991558413752	109.63234874449424	85.95938524536288	82.42864606654696	90.02605841272438	79.75391639323004	78.95858777303697	77.38283995211813	74.09025663988376	108.4701816594143	72.44425831313693	87.73803575192248
S122.8134_S24	68.50914095165615	73.6146696330864	59.72956381330471	76.26362609276146	83.87562061617122	83.79172931023001	54.11916193897399	67.0646183549029	62.23032696320232	83.25053326910728	75.05423593934665	73.94315308404454	71.99862023353737	79.32786160571264	67.45979272040998	71.72972554193167	89.5029980519389	70.63175971705391	65.20321391350072	52.86562173853064	76.23716841868489	64.78280016004794	0.0	72.15108950838525	79.5877196917395	58.5157756537774	79.10673867039581	76.16199096871311	81.21384755135148	59.67471000576684	58.733359706606166	70.49543444280357	73.7644361630326	66.36173874555757	69.68814544102105	62.50469741131712	69.69499994844215	99.85622006055387	58.32840741429942	103.38332851734657	80.20653684121822	76.20789025223047	84.97489888413608	73.9864422293173	72.1831244122771	71.21066388545715	66.9608535000443	103.13024652612835	64.86745710542749	81.7803564283592
S123.8176_S25	80.93595679469668	86.53602807343975	75.05872702197544	89.00606584325979	94.51427761178071	94.74056765271877	71.23634373839106	81.44511299382475	76.88618866113308	94.39473762848604	87.07275085436149	86.91289322929576	84.9159107687482	92.79136954417065	80.44093778616052	84.10865114258185	99.27961902289171	83.81691296024445	79.66813281938374	70.2316212963742	88.40713815792651	78.98291735490291	72.15108950838525	0.0	91.29010794861937	74.19132438588792	91.22252150045819	88.06242650016965	92.43676984482109	75.40912886632292	75.07439497715934	84.63931607724857	86.90410406060853	80.44907729987517	83.59969468035452	76.93752648029934	82.49394520485039	109.82495843582916	74.25005531361171	114.18063779819227	91.53779751843865	87.62834432137434	95.47244404269411	86.57366676923155	84.97495229321979	84.16643119741319	81.06716899161067	112.96401301540519	79.4786935405449	94.06526522944264
S124.8224_S26	87.55986924990526	92.58630925495797	82.46994729953737	95.18647536621752	100.70908286832783	100.36897949147402	78.68156168469699	88.18957405675285	83.25874161618067	99.58117377461335	92.10681305928557	92.4847959332673	90.57401932991841	98.5682131867736	87.59583498209375	90.80983274040373	104.20694880274675	89.98099666967273	86.59421846646602	77.85347806101169	94.1963063567253	85.95393494783414	79.5877196917395	91.29010794861937	0.0	80.99927076555088	96.99147467584727	94.24411559260469	97.753036902807	82.50590363347665	82.12182818887476	91.02544368423797	93.04550835227144	86.34791044387097	90.22758454424635	84.27876182265322	88.52618574309984	114.20936787742795	81.41057196317034	118.98235759694506	96.82700193273463	93.85336064635858	100.3038469830357	92.67970220905079	91.28585246970803	90.70022789942036	87.24587464081401	117.96450450466413	85.76899217407887	99.72641829770934
S125.8210_S27	69.94688324778197	75.22805782668422	62.493182814988025	78.61781043934411	85.44584124142773	85.56133246929853	57.12967750914038	69.62753420405589	64.07816666989376	84.49348038911027	76.7978315220248	75.63194566525983	73.94012554662812	82.35445731708317	69.33814162288674	72.83655107041967	91.271617929415	72.34032441029919	67.43621749308593	55.731615272898566	78.22364535232386	66.73909367962605	58.5157756537774	74.19132438588792	80.99927076555088	0.0	80.95882141505973	78.48760684996975	83.02615167028776	62.60994415784435	61.72930548516338	73.13568790097285	75.69867088210637	68.0439312144171	72.0063266880916	64.57893870356327	70.78074690999797	101.2461998076858	61.1103780736145	106.07094637144299	81.65762594078376	78.06715159401215	86.38872053286904	76.02963713632813	74.01915532570716	72.61352787868162	69.1566218285035	105.27219183191754	66.96679618535727	84.01254714201039
S126.8135_S28	88.21706400562518	91.44629439889376	82.02254337710451	93.70929749188905	100.60821391286787	101.22133412102004	78.18185311547636	88.11313781768956	83.30142540901667	99.60120646534746	93.54630200832715	92.74108492582941	90.9139934805436	96.80642841367103	87.44273322037321	90.03772360857224	105.2966484471595	90.01132507002168	86.0725121709312	77.10537604012902	93.67168981316657	85.13837695288001	79.10673867039581	91.22252150045819	96.99147467584727	80.95882141505973	0.0	94.786488776881	98.09845368712153	82.2893312158064	81.8494270783208	90.1799520511883	91.57693950853243	86.89018830049443	89.99260990174508	83.1909131459744	88.97972058689868	114.4706363671772	80.74162991507595	117.14238977901869	96.94329475722812	93.54741600326476	100.98916671181783	91.16995585148283	91.5201484273838	89.68403397558735	86.06161234220397	116.9232431455485	86.19095773619651	97.82395182326364
S127.8112_S29	85.69122257991592	89.60888916310542	79.171812632521	92.61712971484924	97.71309851007265	98.04628884815794	75.28753135355858	85.31013129835841	81.21577045460847	97.6862285572318	90.43383185798879	90.21722788519205	88.89402639649053	95.94285703796385	84.60455419780304	88.55758037916459	101.68425678370211	87.3933286207477	83.640119297208	74.39741114210636	90.53659352101741	83.03912906694868	76.16199096871311	88.06242650016965	94.24411559260469	78.48760684996975	94.786488776881	0.0	95.53325203105025	79.41904108296391	78.82215183122686	88.14986105396527	90.64154990835685	84.43657934647688	87.00328225451854	81.20757293930347	86.49865320505259	112.2121119312803	78.35584325376517	116.73187537142508	94.2174901817911	90.43048722496114	99.22634155058348	90.41576286309922	88.97528894218608	87.52280330213432	84.07159384344983	114.94893941269356	83.28838131639509	97.40699012447924
S128.8202_S30	89.15275116385031	93.6783731328682	83.66952200903746	96.18517322400542	101.92255836891465	101.76995702284383	80.35015311182057	89.71605742948354	85.32347973626351	100.44743562707393	94.49753486452188	93.80018568421924	91.83618354355525	99.90729266668036	88.52917932699992	92.1391517920816	105.04013134603824	91.34834398913505	87.94833541042792	79.37908405725588	94.52900542376055	87.12192923568368	81.21384755135148	92.43676984482109	97.753036902807	83.02615167028776	98.09845368712153	95.53325203105025	0.0	83.44202864021351	83.22628250583708	91.97253123667682	94.4501326113352	88.73400788356612	91.21079990910032	85.06818545062097	90.26635233068296	115.44418863547396	82.95205443580882	120.02444518160762	98.55918397683021	94.64345329149334	102.66886772953102	94.01652048318483	92.70790540797431	91.36628894410065	88.24439297929919	118.73402544946326	87.37467534184927	100.69071922721268
S129.8204_S31	71.27270640977189	76.75068450819523	63.38907308831831	79.47674631833596	86.54174429231277	85.95171247284033	57.71248140866378	70.88334536062777	65.55652137360613	85.83587569021725	78.12509243869711	77.05890320718528	74.27332188685776	83.26168604166327	70.85842472450307	74.71299565769581	91.78861366814083	73.40720400350895	67.85049826283095	57.552925783656654	79.17133676023509	67.99429873204711	59.67471000576684	75.40912886632292	82.50590363347665	62.60994415784435	82.2893312158064	79.41904108296391	83.44202864021351	0.0	63.17771447054531	74.35284802787474	77.36722795840255	69.69938889089003	72.57471117009376	66.11414686709749	72.50440609123902	102.00931750312908	62.58268153101749	106.91536217556732	83.15895884671349	78.89177908113238	87.44376307220823	76.88873634182377	74.73463463134017	74.41694732346363	70.73070232430466	105.93519650475707	67.83803259012637	85.12116244274753
S130.8507_S32	71.44575985424204	76.17135598815874	62.99290277490112	79.23929811116182	86.35669146762584	86.25135964887399	57.93835078371397	70.35812569789653	65.43483452895644	85.72177331416846	77.84884442369474	76.89750753217609	74.65261403732724	82.71260387873602	70.20845998754227	74.37128148268019	91.51348725058175	72.948585382394	68.21569851686105	56.73762474135684	78.45298325201905	67.86655840979603	58.733359706606166	75.07439497715934	82.12182818887476	61.72930548516338	81.8494270783208	78.82215183122686	83.22628250583708	63.17771447054531	0.0	73.55266942867155	76.70203588482175	69.31658870155505	72.43442718657147	65.52273377208769	72.35023162094171	100.21685136945125	61.89000572514699	106.48077201397886	82.65986515469842	78.81880708945462	87.34973162502459	76.75187964240301	74.95928426051228	73.81302329777955	70.22895786805883	105.72284398851075	68.0430587585002	84.54641449095458
S131.8274_S33	81.17319178492619	85.03253477234641	73.36260396914363	87.15177566610818	94.60268961342211	94.64356912937671	69.94834766919578	80.5393697350987	76.3119041382832	93.64808135211108	86.96374348269066	85.85740758846951	84.11791205050736	88.64514828121476	80.25100975579275	83.76418770221203	99.66619831277373	82.83716773483515	78.30180905533781	68.52405438579017	87.35668817713251	77.64113274546612	70.49543444280357	84.63931607724857	91.02544368423797	73.13568790097285	90.1799520511883	88.14986105396527	91.97253123667682	74.35284802787474	73.55266942867155	0.0	84.45909761458384	79.66657205421927	82.77512024343532	76.18888137213865	82.20591313297693	109.40837962296047	72.09533965272938	111.91193840492059	90.9230119808812	87.96407974078178	95.38644359190779	85.35833744784799	84.28519035352976	83.46904887153003	79.99898660937981	111.34102564833017	78.5480762637758	91.07866216908157
S132.8297_S34	84.03133494468554	86.3885497200092	76.94625442703337	89.21464095449909	96.82572331555545	97.11534252777192	72.83213011041335	83.30490105031589	78.28857485910852	95.4139856401233	89.38030288732142	87.81275544951042	86.66335934379799	92.23888922976775	81.44238966395213	85.90104200131508	101.95252406073233	85.23875066213722	81.09248490488419	70.73761886211004	90.01776283619691	80.2251003528401	73.7644361630326	86.90410406060853	93.04550835227144	75.69867088210637	91.57693950853243	90.64154990835685	94.4501326113352	77.36722795840255	76.70203588482175	84.45909761458384	0.0	82.17714299865693	85.34150303023536	78.28818860780139	84.32550266420392	110.8004631503796	75.95952524234842	113.93410639415907	92.18312786741772	89.53351205929295	96.86710069863776	87.05854856122518	87.13537837988888	85.92889395667436	80.78054308526522	113.22934939924814	81.24791242298582	93.73585428157297
S133.8222_S35	76.23622667708833	81.70175260255002	69.63970457976241	84.37324065926438	90.50050726188974	90.77265914592562	64.84617481563102	75.98544942284023	70.20927573281602	90.03285755835533	82.0941095535205	82.3392756408608	79.84396315900878	88.33517637336041	76.10448010345996	79.34479099683956	96.19472536999214	77.76069462068754	74.24901099760406	64.0209224868474	84.3477679473477	73.18644534924603	66.36173874555757	80.44907729987517	86.34791044387097	68.0439312144171	86.89018830049443	84.43657934647688	88.73400788356612	69.69938889089003	69.31658870155505	79.66657205421927	82.17714299865693	0.0	77.92482479552442	71.58036211210805	77.64914379271339	105.87315262893809	68.64528535503774	110.6906142313055	87.44663695643996	83.58784379695207	91.64084679701803	81.78102504657211	79.65365866447544	79.50584060398283	76.02872256997503	109.83754809428939	73.10010874207103	89.63657723640837
S134.8546_S36	80.21219204070691	84.9952497281527	72.95414464530879	87.825031630262	93.6049121111083	93.73237059435864	68.61754015514134	79.03041648260034	75.21415916677101	93.49071185809044	85.75564504164873	85.15669556680096	83.03113427705539	90.95704742254463	78.97453063942977	83.31196868673553	98.46719135391598	82.40719152308169	77.76304720978787	68.0990316236228	87.35130984723912	77.160541652059	69.68814544102105	83.59969468035452	90.22758454424635	72.0063266880916	89.99260990174508	87.00328225451854	91.21079990910032	72.57471117009376	72.43442718657147	82.77512024343532	85.34150303023536	77.92482479552442	0.0	75.63402871605426	81.08453109001618	107.49060028315647	72.37787307302092	112.92114418506135	90.48402942603528	86.98023940165854	94.36390256754102	85.5265312337197	83.61410653243452	82.79769028404571	79.10529842925898	112.06621764442481	76.79011739364371	92.6405520521835
S135.8381_S37	73.19886604841824	77.63673260698678	65.87082385044116	81.24926986369306	88.0433250103166	88.11461247430515	61.35966879708502	73.18036855888873	67.2505727375164	86.37805200012966	80.04596534501435	78.76190818692203	76.00129902202157	84.92594583243404	72.51729177397678	75.70067242969921	93.22532415825918	75.6817711023582	70.72969822687435	59.732828518122865	80.8655725985428	69.72382911975717	62.50469741131712	76.93752648029934	84.27876182265322	64.57893870356327	83.1909131459744	81.20757293930347	85.06818545062097	66.11414686709749	65.52273377208769	76.18888137213865	78.28818860780139	71.58036211210805	75.63402871605426	0.0	74.36677701609659	104.13303430003522	65.00961061942097	108.13437065900494	84.56579818901918	80.27611853295183	88.58647330994094	77.82759604347054	76.90893461205664	76.28261710535944	71.944798687529	107.24392143311171	70.14643319905672	85.67885510656276
S136.8391_S38	78.5942968077715	82.89300571271806	72.64263320608356	86.08750962027568	92.5717417603894	92.87509054917572	68.03350083215788	78.97950569485468	73.28956236725664	91.1940408016585	84.85565804335779	83.52368248908856	81.48982036297299	90.40076638431086	78.71344263460766	80.82207094386112	97.63630094381901	79.98835031446323	76.87570964914734	67.23902664213742	86.355064460444	75.76160231010813	69.69499994844215	82.49394520485039	88.52618574309984	70.78074690999797	88.97972058689868	86.49865320505259	90.26635233068296	72.50440609123902	72.35023162094171	82.20591313297693	84.32550266420392	77.64914379271339	81.08453109001618	74.36677701609659	0.0	107.92655420662173	71.88037769977649	112.41205904221638	89.33885340938755	85.51127523260385	93.4449635965553	84.05194050120038	81.5115147419761	81.02110150054546	77.99719582561599	111.59989422944315	75.72556782171928	91.7189115393675
S137.8574_S39	107.06115231324918	109.54931249437738	101.88049759471043	112.66459196037663	118.11605020943564	117.70595779877202	99.3595967432633	106.39516631492363	103.88830375720084	116.67744544365073	111.78914516143072	111.11512557741709	109.56632549300417	115.24612304871684	105.45476848084863	109.43973420487116	121.87870279142831	108.74298066993505	105.67928890563807	98.8601853758169	112.88418636735548	105.30048915034416	99.85622006055387	109.82495843582916	114.20936787742795	101.2461998076858	114.4706363671772	112.2121119312803	115.44418863547396	102.00931750312908	100.21685136945125	109.40837962296047	110.8004631503796	105.87315262893809	107.49060028315647	104.13303430003522	107.92655420662173	0.0	101.90704999267032	133.58410698510716	115.3693457072734	112.10785812496735	118.31715990820416	111.1597654835901	109.70070057508897	108.62934771852268	106.58083504484244	133.09393761083217	105.28981342368098	116.97150893051948
S138.8047_S40	70.58666232292154	75.73014846646552	62.29163735820212	78.73395698537323	85.42303408625965	85.74870111122588	57.1284028321455	69.79505180600994	64.43307018826341	84.92933986961411	76.91938843662862	75.99418244856844	74.17535799938648	81.98329829013808	69.55267398202159	73.33734739238665	91.22513078897937	72.60927559904373	67.38057499834152	55.69429148407842	78.06195473636348	67.15991558413752	58.32840741429942	74.25005531361171	81.41057196317034	61.1103780736145	80.74162991507595	78.35584325376517	82.95205443580882	62.58268153101749	61.89000572514699	72.09533965272938	75.95952524234842	68.64528535503774	72.37787307302092	65.00961061942097	71.88037769977649	101.90704999267032	0.0	105.88172908104264	81.98489635228829	78.11550678569473	86.54502336571656	75.78108261059737	73.96501164838811	73.12031291535799	69.50201826483428	104.90443232302651	67.34181305205553	84.0629411392865
S139.8583_S41	111.96868118039002	114.73865505490473	106.6937966360199	116.05494619337132	121.91771509584385	121.84771890362792	103.63486051479309	111.28541065462616	108.17478779402583	121.35651723540353	116.03973443740001	114.96507682351191	113.73334897359744	115.47939475985942	110.60415147047517	113.7765620991456	125.83674836504939	113.15213724750463	109.89456993051701	102.8627079708073	116.01000402224386	109.63234874449424	103.38332851734657	114.18063779819227	118.98235759694506	106.07094637144299	117.14238977901869	116.73187537142508	120.02444518160762	106.91536217556732	106.48077201397886	111.91193840492059	113.93410639415907	110.6906142313055	112.92114418506135	108.13437065900494	112.41205904221638	133.58410698510716	105.88172908104264	0.0	118.70605134322678	116.03343290226059	122.0898180665574	114.69838566129441	114.15391492872276	113.40582937065987	110.55774415911362	132.52868020436094	109.86666580432103	117.33490576774652
S140.8013_S42	88.09592010374719	92.59469399349862	82.62141744830198	94.3218350465972	100.11324090122042	101.28639589430509	78.80102697984758	88.3173273424511	84.19404383267506	99.73441681544004	93.33761609087482	93.12679650835031	91.47131516106293	98.21951983807395	86.73965327668681	91.25500808828066	105.81171339642613	90.44351283849734	86.63442351726397	78.34308035186756	93.51860983225512	85.95938524536288	80.20653684121822	91.53779751843865	96.82700193273463	81.65762594078376	96.94329475722812	94.2174901817911	98.55918397683021	83.15895884671349	82.65986515469842	90.9230119808812	92.18312786741772	87.44663695643996	90.48402942603528	84.56579818901918	89.33885340938755	115.3693457072734	81.98489635228829	118.70605134322678	0.0	93.82462626075234	100.97488115749904	92.30352111427169	91.91740993636868	90.31890246748013	87.51802466239688	116.71995821197457	86.62542156782467	99.2513180730494
S141.8080_S43	84.46745116471519	89.31586068273019	78.85421690832408	91.2453197602492	97.68614092864021	96.8657980679554	75.25085579954704	84.9187143009611	80.52846186301221	97.04428499787356	90.3730014014849	90.11496269121334	87.86160277446099	95.81636000968896	83.86448819841723	87.49804638345107	101.69248895145327	86.79900484374974	83.32086910588565	74.25648530035085	90.65732611068165	82.42864606654696	76.20789025223047	87.62834432137434	93.85336064635858	78.06715159401215	93.54741600326476	90.43048722496114	94.64345329149334	78.89177908113238	78.81880708945462	87.96407974078178	89.53351205929295	83.58784379695207	86.98023940165854	80.27611853295183	85.51127523260385	112.10785812496735	78.11550678569473	116.03343290226059	93.82462626075234	0.0	98.34932458890738	89.2293252456514	88.19589147065952	87.0110899581231	83.65633790743198	113.7137384083329	82.32476577404287	96.9806573650977
S142.8621_S44	92.02816798088956	96.07569073505276	87.41701916051798	99.30886190093567	103.81427039441093	104.8417773097932	83.38093460928059	92.87765621413028	88.42766985168196	102.67226141148429	97.7678457323401	97.33544787892416	95.50686625376596	102.68808341015124	91.12458189974252	94.92649301133251	108.47182803327155	93.81167674006967	91.10317783418809	83.09818665874423	98.60969876060146	90.02605841272438	84.97489888413608	95.47244404269411	100.3038469830357	86.38872053286904	100.98916671181783	99.22634155058348	102.66886772953102	87.44376307220823	87.34973162502459	95.38644359190779	96.86710069863776	91.64084679701803	94.36390256754102	88.58647330994094	93.4449635965553	118.31715990820416	86.54502336571656	122.0898180665574	100.97488115749904	98.34932458890738	0.0	96.92997414901323	95.09252266128625	94.54436028461066	92.3350502760523	121.01160394361337	90.79538950070724	103.89238486014625
